0.000000 50.000000 
0.300000 50.849998 
0.600000 51.599998 
0.900000 52.250000 
1.200000 52.799999 
1.500000 53.250000 
1.800000 53.599998 
2.100000 53.849998 
2.400000 54.000000 
2.700000 54.049999 
3.000000 54.000000 
3.300000 53.849998 
3.600000 53.599998 
3.900000 53.250000 
4.200000 52.799999 
4.500000 52.250000 
4.800000 51.599998 
5.100000 50.849998 
5.400001 50.000000 
5.700001 49.049999 
6.000001 48.000000 
6.300001 46.849998 
6.600001 45.599998 
6.900002 44.250000 
7.200002 42.799999 
7.500002 41.250000 
7.800002 39.599998 
8.100002 37.849998 
8.400002 36.000000 
8.700003 34.049999 
9.000003 32.000000 
9.300003 29.850000 
9.600003 27.600000 
9.900003 25.250000 
10.200004 22.799999 
10.500004 20.250000 
10.800004 17.600000 
11.100004 14.850000 
11.400004 12.000000 
11.700005 9.050000 
12.000005 6.000000 
12.300005 2.850000 
